dihedral 1 5 18 19 0 360.0
dihedral 20 22 28 29 0 -64.54
dihedral 30 32 39 40 0 -85.73
dihedral 41 43 58 59 0 -82.92
dihedral 60 62 82 83 0 -51.31
dihedral 84 88 96 97 0 -54.82
dihedral 98 100 113 114 0 -64.65
dihedral 115 117 123 124 0 -65.15
dihedral 125 127 135 136 0 -71.02
dihedral 137 139 150 151 0 -67.6
dihedral 152 154 169 170 0 -60.3
dihedral 171 173 191 192 0 -56.2
dihedral 193 195 201 202 0 -66.38
dihedral 203 205 223 224 0 -66.89
dihedral 225 227 242 243 0 -54.43
dihedral 244 246 254 255 0 -59.89
dihedral 256 258 271 272 0 -65.63
dihedral 273 275 285 286 0 -78.42
dihedral 287 289 301 302 0 -69.55
dihedral 303 305 316 317 0 -71.58
dihedral 318 320 331 332 0 -58.65
dihedral 333 335 350 351 0 -57.62
dihedral 352 354 372 373 0 -54.97
dihedral 374 376 379 380 0 -63.29
dihedral 381 383 403 404 0 -97.25
dihedral 405 407 422 423 0 -104.29
dihedral 424 426 436 437 0 -58.1
dihedral 438 442 450 451 0 -51.28
dihedral 452 454 471 472 0 -66.69
dihedral 473 475 481 482 0 -64.37
dihedral 483 485 493 494 0 -65.86
dihedral 495 497 508 509 0 -66.43
dihedral 510 512 528 529 0 -64.26
dihedral 530 532 550 551 0 -64.03
dihedral 552 554 566 567 0 -65.03
dihedral 568 570 588 589 0 -65.2
dihedral 590 592 607 608 0 -67.03
dihedral 609 611 619 620 0 -57.99
dihedral 621 623 636 637 0 -59.2
